151
171.241 -4.8959 -964.771 0 0.707107 0.707107
362.162 37.4939 -879.992 -0.5 0.5 0.707107
610 -9.98885 -793.965 -0.5 0.5 0.707107
710.641 134.975 -614.05 -0.707107 0.707107 0
902.102 50.2823 -513.587 0 1 0
852.587 69.9877 -297.97 0 1 0
903.597 5 -182.027 0 1 0
944.255 12.6274 -27.873 0 1 0
895.6 20.2548 124.666 0 1 0
1025.61 189.809 258.817 0 1 0
944.768 -43.9897 507.228 0 1 0
917.955 -11.1481 799.872 0 1 0
645.298 27.5083 951.031 0 1 0
436.445 -3.81928 1033.22 0 1 0
172.974 -31.8187 1165.99 0 1 0
-173.079 90.185 1260.57 0 1 0
-418.9 229.404 1295.8 0 1 0
-474.625 513.691 1497.76 0 1 0
-629.782 772.945 1633.48 0 1 0
-795.228 715.607 1505.03 0 1 0
-772.988 632.485 1253.8 0.707107 0.707107 0
-808.749 456.189 1110.24 0 1 0
-716.996 252.233 926.423 0 1 0
-542.492 110.831 770.931 0 1 0
-348.297 31.4358 634.896 0 1 0
-319.362 39.0289 384.173 0 1 0
-353.868 34.1373 109.519 0 1 0
-455.419 62.8732 -34.6608 0 1 0
-507.931 70.3425 -198.818 0 1 0
-492.723 118.601 -320.626 0 1 0
-568.707 119.669 -497.469 0 1 0
-641.974 220.778 -679.867 0 1 0
-700.327 272.65 -801.222 0 1 0
-696.458 352.236 -923.654 0 1 0
-788.511 533.908 -1083.91 0 1 0
-889.279 596.199 -1232.65 0 1 0
-977.506 775.926 -1481.48 0 1 0
-1041.62 921.498 -1697.31 0 1 0
-1128.31 1097.44 -1856.16 0 1 0
-1155.21 1194.77 -1989.2 0 1 0
-1211.73 1292.09 -2138.77 0 1 0
-1291.39 1340.76 -2303.91 0 1 0
-1367.94 1352.92 -2462.85 0 1 0
-1410.8 1365.09 -2649.02 0 1 0
-1348.98 1385.82 -2756.15 0 1 0
-1088.73 1468.59 -2835.19 0 1 0
-805.998 1595.81 -2788.26 0 1 0
-493.595 1726.15 -2740.33 0 1 0
-279.864 1815.26 -2725.14 0 1 0
-66.1331 1904.37 -2709.94 0 1 0
40.7324 1948.92 -2702.34 0 1 0
254.463 2038.03 -2687.14 0 1 0
409.121 2075.25 -2760.65 0 1 0
594.951 2075.44 -2850.4 0 1 0
851.159 2075.63 -2937.04 0 1 0
1011.94 2075.67 -2937.1 0 1 0
1172.73 2075.72 -2937.17 0 1 0
1506.51 2075.81 -2937.56 0 1 0
1821.06 2075.91 -2937.13 0 1 0
2095.9 2075.93 -2915.05 0 1 0
2505.43 2075.96 -2879.74 0 1 0
2738.16 2094.05 -2829.27 0 1 0
2993 2131.71 -2782.77 0 1 0
2972.94 2131.33 -2679.96 0 1 0
2932.82 2130.57 -2474.34 0 1 0
2931.69 2134.71 -2256.07 0 1 0
2951.19 2139.23 -2149.17 0 1 0
2991.02 2139.79 -1815.69 0 1 0
2947.89 2140.36 -1499.36 0 1 0
2984.73 2140.92 -1167.73 0 1 0
2982.2 2142.05 -513.251 0 1 0
2941.18 2142.62 -192.253 0 1 0
2939.51 2143.18 133.901 0 1 0
2967.72 2143.75 449.178 0 1 0
2966.26 2144.31 791.651 0 1 0
2934.5 2144.88 1112.36 0 1 0
2964.38 2145.16 1331.48 0 1 0
2931.17 2146.01 1764.67 0 1 0
2941.83 2146.29 1986.71 0 1 0
2835.54 2146.85 2246.55 0 1 0
2792.28 2147.42 2499.19 0 1 0
2854.69 2147.56 2661.83 0 1 0
2962.22 2147.77 2812.95 0 1 0
2916.5 2147.98 3003.86 0 1 0
2729.8 2147.99 2952.64 0 1 0
2545.27 2148 2940.72 0 1 0
2215.87 2148.02 2922.92 0 1 0
1841.01 2148.04 3004.56 0 1 0
1642.27 2148.04 2984.19 0 1 0
1352.78 2202.13 3015.72 0 1 0
1181.89 2195.38 3014.43 0 1 0
1012.4 2188.62 3037.4 0 1 0
674.596 2126.81 3010.54 0 1 0
328.207 2137.46 2988.64 0 1 0
-18.5345 2148.12 2990.55 0 1 0
-287.979 2090.31 3000.3 0 1 0
-543.304 2140.13 3002.57 0 1 0
-745.371 2189.95 3005.73 0 1 0
-919.871 2123.36 3005.82 0 1 0
-1117.11 2169.07 3052.86 0 1 0
-1413.57 2173.88 2998.19 0 1 0
-1646.67 2161.04 2998.79 0 1 0
-1846.11 2148.21 3004.91 0 1 0
-2029.32 2148.22 3006.38 0 1 0
-2212.5 2148.23 3006.48 0 1 0
-2522.74 2148.24 3034.74 0 1 0
-2794.82 2148.25 3035.45 0 0 -1
-2934.7 2148.25 2930.59 0 1 0
-2935.85 2148.25 2631.03 0 1 0
-2915.89 2121.74 2355.72 0 1 0
-2924.3 2108.88 2007.75 0 1 0
-2941.38 2111.25 1713.07 0 1 0
-2949.92 2092.38 1436.71 0 1 0
-2955.62 2077.21 1099.6 0 1 0
-2935.69 2069.63 949.087 0 1 0
-2968.15 2089.29 693.588 0 1 0
-2926.28 2058.75 460.931 0 1 0
-2927.06 2128.6 288.504 0 1 0
-2968.33 2138.43 84.7194 0 1 0
-2874.85 2059.86 -9.17712 0 1 0
-2847.04 2117.73 -244.845 0 1 0
-2828.38 2150.52 -555.799 0 1 0
-2792.45 2161.27 -900.901 0 1 0
-2822.78 2140.84 -1248.18 0 1 0
-2823.99 2148.26 -1603.81 0 1 0
-2883.73 2148.26 -1892.54 0 1 0
-2903.88 2148.26 -2174.71 0 1 0
-2894.78 2150.25 -2410.55 0 1 0
-2926.77 2148.27 -2658.76 0.707107 0.707107 0
-2800.9 2079.59 -2825.82 0 0.707107 0.707107
-2560.93 2019.33 -2812.57 0 1 0
-2333.81 2099.38 -2778.76 0 1 0
-2148.77 1952.71 -2820.92 0 1 0
-2013.06 1798.34 -2789.45 0 1 0
-1884 1643.96 -2763.27 0 1 0
-1791.5 1566.77 -2682.73 0 1 0
-1656.54 1453.63 -2536.69 0 1 0
-1529.17 1345.75 -2340.18 0 1 0
-1444.25 1273.83 -2209.18 0 1 0
-1373.62 1201.92 -2077.32 0 1 0
-1282.27 1113.31 -2021.81 0 1 0
-1224.6 908.882 -1685.49 0 1 0
-927.013 1003.99 -1541.69 0 1 0
-730.402 758.9 -1313.96 0 1 0
-615.248 670.297 -1171.56 0 1 0
-506.874 581.693 -1034.63 0 1 0
-399.444 493.09 -897.959 0 1 0
-385.033 310.509 -705.464 0 1 0
-368.746 127.928 -512.324 0 1 0
-254.898 86.9523 -474.636 0 1 0
28.6191 5 -767.515 0 1 0
